8.947368421052631859e+00 8.157894736842106198e+00 1.602236390913024389e-01
9.736842105263157521e+00 6.578947368421053099e+00 6.495565636842188795e-01
6.842105263157894690e+00 9.473684210526315042e+00 -4.685335122471180336e-01
8.157894736842106198e+00 5.789473684210526550e+00 1.834752776081844061e+00
6.315789473684210620e+00 5.263157894736842479e+00 5.559409829606847264e-01
7.368421052631578760e+00 8.421052631578946901e+00 3.472496548868801991e-01
5.263157894736842479e+00 7.631578947368421240e+00 -6.315486017220515169e-01
7.105263157894736281e+00 5.526315789473684070e+00 1.459550916123127262e+00
8.947368421052631859e+00 5.526315789473684070e+00 1.186469015552256145e+00
8.947368421052631859e+00 7.368421052631578760e+00 9.261841220526360052e-01
9.210526315789472562e+00 5.526315789473684070e+00 9.396053553788729085e-01
6.842105263157894690e+00 6.052631578947368141e+00 1.503810823618672687e+00
7.105263157894736281e+00 5.789473684210526550e+00 1.613141803381786810e+00
6.315789473684210620e+00 6.052631578947368141e+00 1.006138398418433333e+00
1.000000000000000000e+01 5.263157894736842479e+00 -2.067851819672028579e-02
8.947368421052631859e+00 8.947368421052631859e+00 -4.287082623618654331e-01
5.789473684210526550e+00 8.157894736842106198e+00 -7.731537903757386143e-01
8.947368421052631859e+00 7.105263157894736281e+00 1.140180427375799166e+00
7.105263157894736281e+00 8.947368421052631859e+00 -1.556263617909945385e-01
9.473684210526315042e+00 8.421052631578946901e+00 -5.860505637755721864e-01
