1.636 1.484 1.000
1.554 1.338 1.000
-2.958 0.345 1.000
-1.296 2.792 1.000
-0.191 1.272 1.000
0.071 1.281 1.000
3.312 0.081 1.000
-3.765 0.005 1.000
-1.721 2.194 1.000
1.453 1.400 1.000
3.197 0.268 1.000
3.872 0.008 1.000
2.512 0.549 1.000
3.071 0.029 1.000
1.114 1.325 1.000
2.648 0.425 1.000
-0.120 1.350 1.000
0.531 0.866 1.000
1.795 1.068 1.000
-1.525 2.548 1.000
-0.002 1.166 1.000
3.893 -0.039 1.000
2.024 1.006 1.000
-1.666 2.313 1.000
0.574 1.065 1.000
1.806 1.138 1.000
-1.517 2.443 1.000
1.508 1.396 1.000
-3.270 0.318 1.000
2.226 0.818 1.000
2.694 0.266 1.000
0.962 1.552 1.000
-2.704 0.637 1.000
-0.827 2.270 1.000
-3.668 0.100 1.000
2.966 0.284 1.000
-3.692 0.000 1.000
1.190 1.425 1.000
-0.034 1.131 1.000
0.361 0.714 1.000
-1.700 2.182 1.000
2.083 0.867 1.000
1.799 1.140 1.000
1.038 1.299 1.000
-2.529 0.806 1.000
-1.180 2.830 1.000
2.039 1.131 1.000
-1.606 2.247 1.000
-0.399 1.888 1.000
-0.702 2.333 1.000
2.295 0.819 1.000
2.221 0.946 1.000
-0.900 2.617 1.000
-2.046 1.621 1.000
-2.422 0.932 1.000
-2.259 1.281 1.000
0.965 1.278 1.000
1.614 1.490 1.000
1.689 1.393 1.000
3.754 -0.099 1.000
0.012 0.970 1.000
-0.068 0.880 1.000
2.075 0.816 1.000
-2.183 1.423 1.000
-0.133 1.212 1.000
2.608 0.294 1.000
-1.031 2.738 1.000
0.049 1.033 1.000
-0.605 2.111 1.000
2.522 0.335 1.000
0.300 0.897 1.000
2.707 0.363 1.000
0.481 0.918 1.000
0.739 1.136 1.000
-2.094 1.499 1.000
-3.761 0.117 1.000
2.910 0.240 1.000
2.031 0.705 1.000
-2.259 1.178 1.000
-3.111 0.225 1.000
1.402 1.565 1.000
1.789 1.280 1.000
2.577 0.580 1.000
2.002 0.873 1.000
2.068 0.930 1.000
0.202 1.091 1.000
-3.637 -0.122 1.000
3.267 0.139 1.000
1.831 1.241 1.000
-1.243 2.698 1.000
3.511 -0.103 1.000
0.057 1.093 1.000
-1.841 1.953 1.000
-2.022 1.473 1.000
-1.633 2.273 1.000
-3.692 0.087 1.000
1.917 0.850 1.000
-0.793 2.367 1.000
-3.118 0.185 1.000
2.330 0.671 1.000
